1   6.51829   286.307
2   6.4792   287.799
3   6.40189   290.501
4   6.61319   291.994
5   6.45284   289.94
6   6.46664   292.349
7   6.69825   289.407
8   6.47526   288.12
9   6.55796   291.164
10   6.43651   290.997
11   6.49935   291.845
12   6.28309   287.737
13   6.43282   292.443
14   6.5726   291.807
15   6.44699   291.662
16   6.35763   292.495
17   6.41436   295.782
18   6.47526   298.439
19   6.47036   293.563
20   6.46232   294.133
21   6.43724   296.648
22   6.43724   296.301
23   6.43724   297.836
24   6.34644   298.642
25   6.4366   300.668
26   6.43709   298.796
27   6.4557   299.57
28   6.42978   297.375
29   6.3708   295.741
30   6.44664   298.519
31   6.44664   302.206
32   6.41153   301.706
33   6.44916   300.03
34   6.38583   300.597
35   6.40062   298.86
36   6.40062   303.502
37   6.41303   300.261
38   6.38209   301.557
39   6.41837   304.213
40   6.41851   300.585
41   6.4003   300.742
42   6.45367   303.905
43   6.44021   305.353
44   6.38011   308.239
45   6.40652   305.336
46   6.47357   303.385
47   6.40846   305.613
48   6.40918   308.378
49   6.41315   308.172
50   6.43666   308.612
51   6.40283   307.508
52   6.43269   307.38
53   6.42218   309.544
54   6.41192   307.621
55   6.40566   306.432
56   6.43257   301.991
57   6.41276   302.612
58   6.4362   304.488
59   6.41617   304.544
60   6.41903   303.87
61   6.4165   301.953
62   6.41227   303.369
63   6.45619   306.772
64   6.43504   308.329
65   6.41831   307.476
66   6.41617   311.223
67   6.43107   311.184
68   6.44802   311.734
69   6.42933   309.207
70   6.44276   307.784
71   6.42999   308.166
72   6.42999   306.834
73   6.43342   305.206
74   6.43662   307.494
75   6.4354   305.707
76   6.43014   304.59
77   6.4354   303.39
78   6.42479   307.014
79   6.4354   309.12
80   6.42613   307.999
81   6.43214   308.259
82   6.43214   306.932
83   6.42478   310.182
84   6.4354   308.579
85   6.44084   304.393
86   6.43214   302.954
87   6.42134   303.212
88   6.43342   303.848
89   6.42555   301.686
90   6.38122   300.922
91   6.31722   298.949
92   6.40628   301.653
93   6.46177   302.649
94   6.4684   304.01
95   6.53553   307.22
96   6.47781   307.447
97   6.49267   308.317
98   6.50186   308.62
99   6.50186   308.968
100   6.50214   305.275
101   6.51637   305.994
102   6.48166   304.429
103   6.43402   300.262
104   6.36551   303.102
105   6.45719   303.187
106   6.42555   302.078
107   6.42587   303.903
108   6.47859   303.279
109   6.41565   302.656
110   6.47396   303.928
111   6.47542   302.073
112   6.42555   300.009
113   6.3846   295.278
114   6.38243   295.692
115   6.41565   297.309
116   6.41565   299.314
117   6.41612   299.192
118   6.41612   294.806
119   6.41612   295.384
120   6.41345   294.612
121   6.41663   290.595
122   6.46894   288.59
123   6.46894   287.901
124   6.48798   288.614
125   6.48798   287.005
126   6.48164   291.913
127   6.48164   294.653
128   6.49853   296.761
129   6.50073   302.883
130   6.49818   302.059
131   6.47873   303.141
132   6.47873   306.919
133   6.49853   311.46
134   6.49818   311.628
135   6.4973   313.206
136   6.49036   311.764
137   6.49468   312.133
138   6.49468   311.996
139   6.4944   313.356
140   6.49531   313.12
141   6.49381   312.086
142   6.49381   312.401
143   6.49531   312.561
144   6.49531   313.54
145   6.49531   315.895
146   6.49531   315.642
147   6.49531   317.602
148   6.49548   317.113
149   6.49606   315.602
150   6.49502   316.7
151   6.49588   317.587
152   6.49548   316.859
153   6.49548   315.969
154   6.49548   316.622
155   6.49548   315.504
156   6.49548   312.891
157   6.51505   313.47
158   6.49531   313.003
159   6.49531   315.066
160   6.50458   315.786
161   6.50458   316.509
162   6.49548   316.235
163   6.51055   313.577
164   6.4944   313.152
165   6.49504   315.914
166   6.49504   316.22
167   6.50386   315.313
168   6.50386   316.466
169   6.50386   316.789
170   6.50386   315.197
171   6.50386   313.977
172   6.50386   315.882
173   6.50386   318.797
174   6.50698   319.22
175   6.50698   320.119
176   6.50386   320.277
177   6.50386   319.89
178   6.4944   318.252
179   6.4944   316.761
180   6.56185   318.66
181   6.56185   318.559
182   6.56392   316.275
183   6.5675   315.467
184   6.56782   315.845
185   6.52909   315.938
186   6.5675   315.842
187   6.56633   315.705
188   6.56633   313.58
189   6.56202   315.2
190   6.56195   316.09
191   6.56195   314.879
192   6.56195   315.114
193   6.56964   313.428
194   6.56957   310.374
195   6.5866   311.625
196   6.55409   309.56
197   6.55248   311.465
198   6.56187   309.973
199   6.56392   308.797
200   6.56392   312.597
201   6.56185   316.272
202   6.56539   315.981
203   6.58274   312.047
204   6.55037   311.362
205   6.56631   315.987
206   6.58242   315.426
207   6.6192   315.855
208   6.61538   317.303
209   6.61408   318.944
210   6.57426   317.139
211   6.5748   316.053
212   6.58492   317.222
213   6.57883   314.092
214   6.56528   312.184
215   6.56371   314.023
216   6.56237   312.324
217   6.56076   309.651
218   6.56005   310.968
219   6.56185   311.18
220   6.56076   311.814
221   6.49584   309.713
222   6.49566   309.333
223   6.49564   309.281
224   6.49564   312.597
225   6.56611   316.474
226   6.56353   316.77
227   6.56353   317.358
228   6.56353   317.596
229   6.56353   318.293
230   6.56353   318.425
231   6.5653   319.077
232   6.5743   319.36
233   6.57837   319.645
234   6.57866   321.69
235   6.57835   322.255
236   6.57837   322.485
237   6.57893   322.366
238   6.57837   321.404
239   6.5653   320.505
240   6.58283   319.459
241   6.61131   318.982
242   6.5653   317.992
243   6.60545   319.809
244   6.5653   318.945
245   6.5653   319.906
246   6.56084   317.829
247   6.57824   320.328
248   6.57824   318.434
249   6.58505   320.635
250   6.57837   322.01
251   6.57866   321.447
252   6.57866   323.774
253   6.5789   324.097
254   6.60014   323.86
255   6.60014   323.209
256   6.60054   322.972
257   6.60373   321.269
258   6.60373   320.525
259   6.60354   320.734
260   6.60354   321.288
261   6.59824   321.315
262   6.60014   322.146
263   6.63548   322.306
264   6.60014   322.754
265   6.60225   320.882
266   6.60014   319.926
267   6.61982   321.45
268   6.61982   318.934
269   6.59651   316.356
270   6.59651   319.177
271   6.60984   318.52
272   6.6079   317.393
273   6.6045   314.161
274   6.60454   315.931
275   6.59853   316.647
276   6.5535   316.314
277   6.6347   320.896
278   6.55359   319.062
279   6.55359   317.802
280   6.60643   316.435
281   6.60443   318.297
282   6.60443   319.289
283   6.60547   321.121
284   6.60547   319.251
285   6.60373   317.049
286   6.60558   315.898
287   6.60415   317.394
288   6.51623   317.982
289   6.60521   316.576
290   6.60547   315.344
291   6.60373   315.615
292   6.60373   315.851
293   6.60373   314.939
294   6.6057   312.649
295   6.6057   314.423
296   6.57164   315.762
297   6.554   316.425
298   6.60255   317.148
299   6.55347   313.206
300   6.54381   312.909
301   6.5535   312.433
302   6.55347   313.12
303   6.60373   314.343
304   6.63227   313.193
305   6.55356   311.814
306   6.60363   310.177
307   6.60373   311.835
308   6.60373   313.79
309   6.6327   311.853
310   6.64642   312.062
311   6.60477   313.843
312   6.65263   314.959
313   6.65263   316.559
314   6.60477   316.339
315   6.60384   313.843
316   6.62818   317.249
317   6.6409   318.783
318   6.65185   321.957
319   6.65081   322.901
320   6.61842   323.401
321   6.60384   321.388
322   6.60384   319.152
323   6.60457   319.75
324   6.61573   320.769
325   6.61639   322.213
326   6.61639   323.073
327   6.60477   320.094
328   6.60477   319.919
329   6.60477   321.724
330   6.60733   324.176
331   6.60508   322.459
332   6.60477   322.305
333   6.60503   322.312
334   6.60491   321.594
335   6.60491   321.325
336   6.60491   324.091
337   6.60477   321.611
338   6.60477   322.602
339   6.60506   322.771
340   6.60507   322.253
341   6.63607   324.752
342   6.60507   322.745
343   6.6074   323.097
344   6.6074   322.365
345   6.6074   321.277
346   6.60506   321.97
347   6.6074   323.675
348   6.60499   323.205
349   6.60499   323.596
350   6.6074   322.547
351   6.6074   322.218
352   6.60759   322.113
353   6.6286   323.285
354   6.6286   324.155
355   6.63198   325.346
356   6.6286   324.913
357   6.63199   324.715
358   6.63199   323.36
359   6.63198   319.746
360   6.60735   320.382
361   6.60479   319.127
362   6.60479   318.962
363   6.60478   318.981
364   6.60504   320.257
365   6.60478   320.104
366   6.6053   320.006
367   6.60505   320.378
368   6.60504   319.371
369   6.60505   319.169
370   6.60504   319.718
371   6.61066   319.113
372   6.61066   318.336
373   6.6109   316.197
374   6.6109   315.453
375   6.61011   314.481
376   6.61011   314.784
377   6.60548   315.338
378   6.6397   317.471
379   6.63533   316.885
380   6.63495   316.229
381   6.63526   316.724
382   6.63495   317.185
383   6.63495   317.108
384   6.63526   315.86
385   6.60575   316.216
386   6.63479   316.224
387   6.6109   319.199
388   6.6109   316.827
389   6.6109   316.18
390   6.6109   315.367
391   6.6109   315.909
392   6.61113   318.562
393   6.66215   317.594
394   6.6665   317.175
395   6.61094   319.176
396   6.6109   318.845
397   6.61094   321.11
398   6.68025   322.195
399   6.68042   321.468
400   6.68042   320.647
401   6.67909   318.387
402   6.6791   316.772
403   6.6791   318.739
404   6.6791   317.791
405   6.67909   317.299
406   6.67902   315.438
407   6.64187   316.444
408   6.6791   318.593
409   6.67932   318.902
410   6.6791   317.776
411   6.67911   315.858
412   6.6791   317.356
413   6.67932   320.166
414   6.67932   320.684
415   6.66502   323.038
416   6.67911   318.162
417   6.66629   316.906
418   6.61094   315.938
419   6.61094   318.127
420   6.61011   315.953
421   6.61011   317.998
422   6.61011   317.731
423   6.61094   318.282
424   6.6109   321.866
425   6.6109   320.228
426   6.73686   319.285
427   6.73686   320.322
428   6.6107   320.78
429   6.6107   320.282
430   6.67751   319.117
431   6.67751   317.766
432   6.67751   317.627
433   6.6779   316.751
434   6.67751   315.435
435   6.67721   317.59
436   6.64104   315.322
437   6.61061   315.525
438   6.61101   317.596
439   6.67726   317.919
440   6.61011   317.041
441   6.60504   316.513
442   6.60691   318.886
443   6.6109   314.931
444   6.61011   315.618
445   6.67717   316.54
446   6.67717   318.292
447   6.61011   319.871
448   6.61011   320.812
449   6.61101   319.182
450   6.61081   319.444
451   6.6532   318.66
452   6.61121   320.952
453   6.61101   322.016
454   6.61103   321.251
455   6.61101   320.897
456   6.61101   321.058
457   6.61101   320.263
458   6.60807   319.947
459   6.61082   318.595
460   6.5732   316.695
461   6.61101   314.567
462   6.55267   314.902
463   6.61103   316.433
464   6.61128   317.482
465   6.44944   314.613
466   6.61101   315.464
467   6.65198   317.123
468   6.48918   316.002
469   6.6173   317.331
470   6.50059   315.416
471   6.50189   316.534
472   6.53338   316.321
473   6.53338   314.322
474   6.55768   316.521
475   6.53357   316.381
476   6.53324   317.041
477   6.56853   314.5
478   6.53357   313.719
479   6.53357   312.05
480   6.53357   314.864
481   6.53357   314.288
482   6.56074   313.018
483   6.56074   314.747
484   6.56081   315.441
485   6.65052   317.043
486   6.57535   316.061
487   6.5336   315.948
488   6.53357   316.788
489   6.50197   316.061
490   6.50187   314.729
491   6.50187   315.129
492   6.50187   316.381
493   6.50187   316.151
494   6.50198   317.36
495   6.50187   317.971
496   6.50187   318.661
497   6.50199   317.255
498   6.50198   317.409
499   6.50198   316.707
500   6.50198   317.971
